NumXCells: 200
NumGhostCells: 3
Time: 0.21
CFL: 0.6
-1.025 4.37877e-21
-1.015 9.09731e-22
-1.005 1.83458e-22
-0.995 3.06501e-22
-0.985 6.21479e-23
-0.975 1.22349e-23
-0.965 2.33689e-24
-0.955 4.32705e-25
-0.945 7.76025e-26
-0.935 1.3467e-26
-0.925 2.25895e-27
-0.915 3.65826e-28
-0.905 5.71213e-29
-0.895 8.58701e-30
-0.885 1.24077e-30
-0.875 1.72008e-31
-0.865 2.28301e-32
-0.855 2.89427e-33
-0.845 3.49516e-34
-0.835 4.00807e-35
-0.825 4.34875e-36
-0.815 4.44525e-37
-0.805 4.25914e-38
-0.795 3.80161e-39
-0.785 3.13725e-40
-0.775 2.37106e-41
-0.765 1.62116e-42
-0.755 9.86517e-44
-0.745 5.22252e-45
-0.735 2.3253e-46
-0.725 8.24305e-48
-0.715 2.0982e-49
-0.705 2.9552e-51
-0.695 0
-0.685 0
-0.675 0
-0.665 0
-0.655 0
-0.645 0
-0.635 0
-0.625 0
-0.615 0
-0.605 0
-0.595 0
-0.585 0
-0.575 0
-0.565 0
-0.555 0
-0.545 0
-0.535 0
-0.525 0
-0.515 0
-0.505 0
-0.495 0
-0.485 0
-0.475 0
-0.465 0
-0.455 0
-0.445 0
-0.435 0
-0.425 0
-0.415 0
-0.405 0
-0.395 0
-0.385 0
-0.375 0
-0.365 0
-0.355 0
-0.345 0
-0.335 0
-0.325 0
-0.315 0
-0.305 0
-0.295 0
-0.285 0
-0.275 0
-0.265 0
-0.255 0
-0.245 5.57136e-10
-0.235 1.30313e-08
-0.225 1.51268e-07
-0.215 1.16327e-06
-0.205 6.67484e-06
-0.195 3.0518e-05
-0.185 0.000115944
-0.175 0.000376905
-0.165 0.00107136
-0.155 0.00270807
-0.145 0.00616941
-0.135 0.0128083
-0.125 0.0244592
-0.115 0.0433074
-0.105 0.0715928
-0.095 0.111185
-0.085 0.163118
-0.075 0.227222
-0.065 0.301951
-0.055 0.384489
-0.045 0.47111
-0.035 0.557707
-0.025 0.640367
-0.015 0.715857
-0.005 0.781941
0.005 0.837486
0.015 0.882383
0.025 0.917328
0.035 0.943555
0.045 0.962557
0.055 0.97586
0.065 0.98487
0.075 0.990778
0.085 0.994532
0.095 0.996844
0.105 0.998227
0.115 0.99903
0.125 0.999483
0.135 0.999732
0.145 0.999864
0.155 0.999933
0.165 0.999968
0.175 0.999985
0.185 0.999993
0.195 0.999997
0.205 0.999999
0.215 0.999999
0.225 1
0.235 1
0.245 1
0.255 1
0.265 1
0.275 1
0.285 0.999999
0.295 0.999993
0.305 0.999969
0.315 0.999884
0.325 0.999623
0.335 0.998929
0.345 0.997292
0.355 0.993831
0.365 0.987192
0.375 0.975541
0.385 0.956693
0.395 0.928407
0.405 0.888815
0.415 0.836882
0.425 0.772778
0.435 0.698049
0.445 0.615511
0.455 0.52889
0.465 0.442293
0.475 0.359633
0.485 0.284143
0.495 0.218059
0.505 0.162514
0.515 0.117617
0.525 0.0826717
0.535 0.0564446
0.545 0.0374432
0.555 0.0241397
0.565 0.0151299
0.575 0.00922208
0.585 0.00546836
0.595 0.0031555
0.605 0.00177259
0.615 0.000969666
0.625 0.000516706
0.635 0.000268291
0.645 0.00013578
0.655 6.69958e-05
0.665 3.22371e-05
0.675 1.51308e-05
0.685 6.92889e-06
0.695 3.09633e-06
0.705 1.35049e-06
0.715 5.75006e-07
0.725 2.39029e-07
0.735 9.70255e-08
0.745 3.84614e-08
0.755 1.48905e-08
0.765 5.63085e-09
0.775 2.0799e-09
0.785 7.50469e-10
0.795 2.64518e-10
0.805 9.10772e-11
0.815 3.06332e-11
0.825 1.00644e-11
0.835 3.22977e-12
0.845 1.01231e-12
0.855 3.09867e-13
0.865 9.26199e-14
0.875 2.70299e-14
0.885 7.70061e-15
0.895 2.14126e-15
0.905 5.81018e-16
0.915 1.53809e-16
0.925 3.97135e-17
0.935 9.9984e-18
0.945 2.45371e-18
0.955 5.86764e-19
0.965 1.36674e-19
0.975 3.09958e-20
0.985 6.84097e-21
0.995 1.46861e-21
1.005 3.58847e-23
1.015 6.80284e-24
1.025 1.24883e-24
