NumXCells: 200
NumGhostCells: 3
Time: 1.59
CFL: 0.6
-1.025 0.00173877
-1.015 0.00227051
-1.005 0.00294408
-0.995 0.00331401
-0.985 0.00425144
-0.975 0.00541682
-0.965 0.00685496
-0.955 0.00861682
-0.945 0.0107597
-0.935 0.0133472
-0.925 0.0164493
-0.915 0.020142
-0.905 0.0245067
-0.895 0.0296294
-0.885 0.0355998
-0.875 0.0425097
-0.865 0.0504519
-0.855 0.0595177
-0.845 0.0697954
-0.835 0.0813678
-0.825 0.0943096
-0.815 0.108685
-0.805 0.124547
-0.795 0.141932
-0.785 0.160859
-0.775 0.18133
-0.765 0.203324
-0.755 0.2268
-0.745 0.251696
-0.735 0.277924
-0.725 0.305379
-0.715 0.333933
-0.705 0.36344
-0.695 0.393736
-0.685 0.424646
-0.675 0.455982
-0.665 0.48755
-0.655 0.519151
-0.645 0.550587
-0.635 0.581664
-0.625 0.612193
-0.615 0.641996
-0.605 0.670909
-0.595 0.698782
-0.585 0.725482
-0.575 0.750896
-0.565 0.774929
-0.555 0.797504
-0.545 0.818566
-0.535 0.838075
-0.525 0.856008
-0.515 0.872358
-0.505 0.887127
-0.495 0.90033
-0.485 0.911989
-0.475 0.922128
-0.465 0.930777
-0.455 0.937963
-0.445 0.943711
-0.435 0.948042
-0.425 0.95097
-0.415 0.952504
-0.405 0.952642
-0.395 0.951378
-0.385 0.948694
-0.375 0.944568
-0.365 0.93897
-0.355 0.931867
-0.345 0.923224
-0.335 0.913005
-0.325 0.901177
-0.315 0.887713
-0.305 0.872594
-0.295 0.85581
-0.285 0.837366
-0.275 0.817283
-0.265 0.795597
-0.255 0.772365
-0.245 0.747661
-0.235 0.721583
-0.225 0.694245
-0.215 0.665781
-0.205 0.636343
-0.195 0.606098
-0.185 0.575227
-0.175 0.543918
-0.165 0.512369
-0.155 0.480778
-0.145 0.449344
-0.135 0.418263
-0.125 0.387721
-0.115 0.357895
-0.105 0.328948
-0.095 0.301026
-0.085 0.274257
-0.075 0.24875
-0.065 0.224593
-0.055 0.201852
-0.045 0.180574
-0.035 0.160783
-0.025 0.142486
-0.015 0.12567
-0.005 0.110307
0.005 0.0963556
0.015 0.0837596
0.025 0.0724547
0.035 0.0623677
0.045 0.0534202
0.055 0.0455295
0.065 0.0386112
0.075 0.0325807
0.085 0.0273543
0.095 0.0228508
0.105 0.0189925
0.115 0.015706
0.125 0.0129224
0.135 0.0105782
0.145 0.00861518
0.155 0.00698074
0.165 0.00562755
0.175 0.0045135
0.185 0.00360149
0.195 0.00285906
0.205 0.00225806
0.215 0.00177426
0.225 0.00138696
0.235 0.00107865
0.245 0.000834564
0.255 0.000642398
0.265 0.000491941
0.275 0.000374788
0.285 0.000284067
0.295 0.0002142
0.305 0.000160688
0.315 0.000119925
0.325 8.90426e-05
0.335 6.57736e-05
0.345 4.83358e-05
0.355 3.53388e-05
0.365 2.57039e-05
0.375 1.86e-05
0.385 1.33904e-05
0.395 9.59053e-06
0.405 6.83375e-06
0.415 4.84445e-06
0.425 3.41664e-06
0.435 2.39732e-06
0.445 1.67349e-06
0.455 1.16223e-06
0.465 8.03036e-07
0.475 5.52017e-07
0.485 3.77524e-07
0.495 2.5687e-07
0.505 1.73884e-07
0.515 1.17107e-07
0.525 7.84679e-08
0.535 5.23108e-08
0.545 3.46981e-08
0.555 2.29032e-08
0.565 1.50503e-08
0.575 9.85733e-09
0.585 6.45572e-09
0.595 4.26521e-09
0.605 2.90848e-09
0.615 2.15579e-09
0.625 1.89304e-09
0.635 2.1099e-09
0.645 2.90794e-09
0.655 4.5319e-09
0.665 7.4314e-09
0.675 1.23654e-08
0.685 2.05693e-08
0.695 3.40138e-08
0.705 5.57998e-08
0.715 9.07504e-08
0.725 1.46291e-07
0.735 2.33738e-07
0.745 3.70175e-07
0.755 5.81137e-07
0.765 9.0444e-07
0.775 1.39554e-06
0.785 2.13504e-06
0.795 3.23893e-06
0.805 4.87262e-06
0.815 7.26982e-06
0.825 1.07576e-05
0.835 1.57898e-05
0.845 2.29896e-05
0.855 3.32059e-05
0.865 4.75839e-05
0.875 6.76541e-05
0.885 9.54442e-05
0.895 0.000133615
0.905 0.000185628
0.915 0.000255942
0.925 0.00035025
0.935 0.000475755
0.945 0.000641486
0.955 0.000858651
0.965 0.00114104
0.975 0.00150546
0.985 0.00197218
0.995 0.00256547
1.005 0.00379092
1.015 0.00484774
1.025 0.00615689
